Macbeth Color Checker Pink Patch (No. 17)
Start: 380 End: 780 Step: 10
0.118
0.179
0.283
0.343
0.359
0.35
0.327
0.298
0.267
0.239
0.209
0.182
0.163
0.146
0.124
0.106
0.102
0.107
0.106
0.112
0.141
0.198
0.279
0.394
0.522
0.628
0.696
0.742
0.766
0.78
0.791
0.798
0.804
0.807
0.807
0.813
0.813
0.808
0.814
0.785
0.752
Macbeth Color Checker Some Blue Patch (No. 18)
Start: 380 End: 780 Step: 10
0.093
0.134
0.195
0.238
0.258
0.281
0.315
0.352
0.391
0.434
0.458
0.457
0.433
0.392
0.339
0.282
0.228
0.18
0.141
0.114
0.097
0.088
0.08
0.075
0.073
0.073
0.073
0.074
0.076
0.077
0.075
0.074
0.072
0.071
0.075
0.082
0.1
0.133
0.176
0.2
0.214
Macbeth Color checker Very Light Grey Patch (No. 20)
Start: 380 End: 780 Step: 10
0.15
0.235
0.372
0.529
0.58
0.585
0.587
0.588
0.586
0.583
0.581
0.58
0.58
0.58
0.581
0.582
0.583
0.583
0.584
0.586
0.588
0.588
0.588
0.586
0.585
0.583
0.58
0.578
0.576
0.574
0.572
0.57
0.568
0.566
0.564
0.562
0.56
0.557
0.555
0.553
0.55
Macbeth Color checker Light Grey Patch (No. 21)
Start: 380 End: 780 Step: 10
0.138
0.206
0.289
0.346
0.357
0.359
0.361
0.362
0.361
0.358
0.357
0.356
0.356
0.356
0.357
0.357
0.358
0.358
0.359
0.36
0.361
0.361
0.36
0.359
0.357
0.355
0.353
0.351
0.349
0.346
0.345
0.343
0.341
0.339
0.337
0.335
0.333
0.331
0.329
0.327
0.325
Macbeth Color checker Medium Grey Patch (No. 22)
Start: 380 End: 780 Step: 10
0.113
0.15
0.183
0.199
0.202
0.203
0.205
0.205
0.204
0.203
0.202
0.202
0.202
0.202
0.202
0.203
0.203
0.203
0.203
0.204
0.205
0.205
0.204
0.204
0.203
0.201
0.2
0.198
0.197
0.196
0.195
0.194
0.192
0.191
0.19
0.189
0.188
0.187
0.185
0.184
0.183
Macbeth Color checker Dark Grey Patch (No. 23)
Start: 380 End: 780 Step: 10
0.074
0.084
0.091
0.094
0.094
0.094
0.095
0.095
0.094
0.094
0.093
0.093
0.092
0.093
0.093
0.093
0.093
0.093
0.093
0.093
0.093
0.093
0.092
0.092
0.091
0.09
0.09
0.089
0.089
0.088
0.087
0.087
0.086
0.086
0.085
0.085
0.085
0.084
0.084
0.083
0.083
Macbeth Color checker Very Dark Grey Patch (No. 24)
Start: 380 End: 780 Step: 10
0.032
0.033
0.035
0.036
0.036
0.036
0.035
0.035
0.035
0.035
0.034
0.034
0.034
0.034
0.034
0.034
0.034
0.034
0.033
0.033
0.033
0.033
0.033
0.033
0.033
0.033
0.033
0.033
0.033
0.033
0.033
0.032
0.032
0.032
0.032
0.032
0.032
0.032
0.032
0.032
0.032